1682084324869 2.3036577701568604 118
1682084328190 2.304866313934326 119
1682084331241 2.2995941638946533 120
1682084334299 2.298572540283203 121
1682084337255 2.297208547592163 122
1682084340196 2.2964470386505127 123
1682084343148 2.29915452003479 124
1682084346130 2.296445608139038 125
1682084349161 2.29219388961792 126
1682084352095 2.2941997051239014 127
1682084354994 2.2925050258636475 128
1682084357983 2.292495012283325 129
1682084360851 2.2905139923095703 130
1682084363837 2.2859137058258057 131
1682084366740 2.2848060131073 132
1682084369735 2.282806396484375 133
1682084372663 2.287682294845581 134
1682084375633 2.2823009490966797 135
1682084378519 2.279431104660034 136
1682084381473 2.2776718139648438 137
1682084384408 2.2790744304656982 138
1682084387312 2.2752904891967773 139
1682084390220 2.275298833847046 140
1682084393163 2.270561933517456 141
1682084396105 2.2827773094177246 142
1682084399077 2.26589298248291 143
1682084401988 2.2654025554656982 144
1682084404930 2.2654809951782227 145
1682084407849 2.267326831817627 146
1682084410789 2.2683465480804443 147
1682084413684 2.2663471698760986 148
1682084416637 2.2578577995300293 149
1682084419562 2.268564462661743 150
1682084422452 2.2652363777160645 151
1682084425357 2.256845712661743 152
1682084428289 2.2543914318084717 153
1682084431350 2.2447941303253174 154
1682084434235 2.252408981323242 155
1682084437194 2.2506861686706543 156
1682084440093 2.2520954608917236 157
1682084443086 2.2426464557647705 158
1682084445984 2.237705945968628 159
1682084448893 2.2321949005126953 160
1682084451804 2.2354118824005127 161
1682084454692 2.222324848175049 162
1682084457659 2.238262891769409 163
1682084460606 2.239753246307373 164
1682084463560 2.233748435974121 165
1682084466469 2.2237184047698975 166
1682084469410 2.2087676525115967 167
1682084472318 2.221022605895996 168
1682084475223 2.214702606201172 169
1682084478139 2.228111743927002 170
1682084481109 2.225830554962158 171
1682084484017 2.2036099433898926 172
1682084486963 2.1935019493103027 173
1682084489893 2.1766693592071533 174
1682084492854 2.1907172203063965 175
1682084495827 2.1984963417053223 176
1682084498829 2.178942918777466 177
1682084501715 2.1739208698272705 178
1682084504695 2.199364185333252 179
1682084507739 2.171268939971924 180
1682084510683 2.1703414916992188 181
1682084513540 2.1869442462921143 182
1682084516388 2.167365550994873 183
1682084519293 2.168914556503296 184
1682084522210 2.183908224105835 185
1682084525100 2.1701500415802 186
1682084527940 2.1644387245178223 187
1682084530812 2.1442153453826904 188
1682084533683 2.1585631370544434 189
1682084536569 2.140320062637329 190
1682084539419 2.159189462661743 191
1682084542282 2.1443021297454834 192
1682084545191 2.1526806354522705 193
1682084548045 2.140909433364868 194
1682084550931 2.1683340072631836 195
1682084553774 2.1655354499816895 196
1682084556635 2.1257574558258057 197
1682084559509 2.120948314666748 198
1682084562394 2.162738561630249 199
1682084565286 2.118896484375 200
1682084568204 2.1409494876861572 201
1682084571087 2.111919641494751 202
1682084574031 2.0945796966552734 203
1682084576902 2.116358518600464 204
1682084579780 2.075343608856201 205
1682084582709 2.129077911376953 206
1682084585612 2.1237003803253174 207
1682084588505 2.0741543769836426 208
1682084591413 2.0816924571990967 209
1682084594336 2.1036431789398193 210
1682084597341 2.1173512935638428 211
1682084600233 2.086458444595337 212
1682084603103 2.082899332046509 213
1682084605974 2.0702548027038574 214
1682084608841 2.0419139862060547 215
1682084611708 2.032559871673584 216
1682084614573 2.0988235473632812 217
1682084617425 2.084604263305664 218
1682084620286 2.0455665588378906 219
1682084623407 2.066088914871216 220
1682084626310 2.0392260551452637 221
1682084629226 2.042731761932373 222
1682084632114 2.052406072616577 223
1682084635055 2.0352437496185303 224
1682084637932 2.0410029888153076 225
1682084640819 2.033949613571167 226
1682084644038 2.0460925102233887 227
1682084646909 2.0609121322631836 228
1682084649748 2.0294101238250732 229
1682084652602 2.016710042953491 230
1682084655447 2.0016679763793945 231
1682084658663 2.002497911453247 232
1682084661666 2.0696887969970703 233
1682084664896 1.9953906536102295 234
1682084668176 2.0100932121276855 235
1682084862908 1.9439764022827148 236
1682084866167 1.988826036453247 237
1682084869357 1.9882822036743164 238
1682084872334 1.9699970483779907 239
1682084875426 1.95437753200531 240
1682084878829 1.991840124130249 241
1682084881752 1.9570550918579102 242
1682084884705 1.9616435766220093 243
1682084887932 1.9523265361785889 244
1682084891103 1.9422324895858765 245
1682084894870 1.9304345846176147 246
1682084898162 1.9680554866790771 247
1682084901428 1.965389370918274 248
1682084904413 1.9623204469680786 249
1682084908499 1.9272270202636719 250
1682084911633 1.9244434833526611 251
1682084914564 1.962867021560669 252
1682084917896 1.9711658954620361 253
1682084920919 1.9249197244644165 254
1682084924380 1.9226362705230713 255
1682084928053 1.9568183422088623 256
1682084931333 1.945096492767334 257
1682084934831 1.966190218925476 258
1682084938377 1.9349186420440674 259
1682084941651 1.9445561170578003 260
1682084945362 1.9176785945892334 261
1682084950563 1.9086127281188965 262
1682084955668 1.926317572593689 263
1682084959817 1.9065829515457153 264
1682084963321 1.9106866121292114 265
1682084966204 1.8771183490753174 266
1682084968983 1.9021862745285034 267
1682084971938 1.9230364561080933 268
1682084974876 1.8889329433441162 269
1682084977668 1.8415629863739014 270
1682084980558 1.9233628511428833 271
1682084983416 1.8983464241027832 272
1682084986309 1.8834179639816284 273
1682084989137 1.8630441427230835 274
1682084992044 1.8976479768753052 275
1682084995974 1.8516408205032349 276
1682084999851 1.878180980682373 277
1682085003161 1.8208028078079224 278
1682085006022 1.8866870403289795 279
1682085009558 1.871821403503418 280
1682085013328 1.8725813627243042 281
1682085016838 1.8762792348861694 282
1682085020150 1.86506187915802 283
1682085023445 1.8588627576828003 284
1682085026445 1.869856357574463 285
1682085029364 1.9212743043899536 286
1682085032497 1.827146053314209 287
1682085035442 1.8339662551879883 288
1682085038559 1.90557062625885 289
1682085041353 1.872901439666748 290
1682085044165 1.8105156421661377 291
1682085046949 1.797978162765503 292
1682085049864 1.8813213109970093 293
1682085052669 1.8441429138183594 294
1682085055559 1.8089439868927002 295
1682085058516 1.827627420425415 296
1682085061473 1.8607079982757568 297
1682085064824 1.851365327835083 298
1682085067964 1.7899478673934937 299
1682085070902 1.8196641206741333 300
1682085073887 1.8051347732543945 301
1682085076679 1.7964231967926025 302
1682085079504 1.7978639602661133 303
1682085082719 1.856938123703003 304
1682085087482 1.8373275995254517 305
1682085090866 1.7878390550613403 306
1682085093972 1.7995930910110474 307
1682085096829 1.7856186628341675 308
1682085099691 1.7905094623565674 309
1682085102487 1.7640713453292847 310
1682085105327 1.7968382835388184 311
1682085108635 1.749993085861206 312
1682085111859 1.7608988285064697 313
1682085114829 1.7925866842269897 314
1682085118044 1.7950856685638428 315
1682085121159 1.7858184576034546 316
1682085124184 1.8025223016738892 317
1682085127160 1.8036797046661377 318
1682085130252 1.8076047897338867 319
1682085133180 1.761813998222351 320
1682085136176 1.747849464416504 321
1682085139147 1.781541109085083 322
1682085142142 1.7552183866500854 323
1682085145101 1.7711052894592285 324
1682085148231 1.7595552206039429 325
1682085151482 1.7534085512161255 326
1682085154446 1.7714041471481323 327
1682085157944 1.7903496026992798 328
1682085161436 1.7381677627563477 329
1682085164562 1.7374588251113892 330
1682085167533 1.7784477472305298 331
1682085170442 1.823163628578186 332
1682085173402 1.7129976749420166 333
1682085176446 1.7778270244598389 334
1682085179458 1.7392975091934204 335
1682085182357 1.698180079460144 336
1682085185363 1.7955591678619385 337
1682085188667 1.7472161054611206 338
1682085191677 1.7769665718078613 339
1682085194666 1.7383249998092651 340
1682085197578 1.7873481512069702 341
1682085200933 1.7056984901428223 342
1682085203920 1.7637031078338623 343
1682085206977 1.7347283363342285 344
1682085209956 1.7556697130203247 345
1682085213305 1.7757562398910522 346
1682085216458 1.7276312112808228 347
1682085219418 1.7377017736434937 348
1682085222427 1.7219709157943726 349
1682085225593 1.7172788381576538 350
1682085228629 1.7698992490768433 351
1682085231659 1.723828911781311 352
1682085234709 1.7277946472167969 353
1682085442064 1.7401256561279297 354
1682085445206 1.7092519998550415 355
1682085448138 1.7563902139663696 356
1682085451055 1.71443510055542 357
1682085453928 1.6832383871078491 358
1682085456876 1.664988398551941 359
1682085459831 1.7119991779327393 360
1682085462760 1.771350622177124 361
1682085465992 1.707190990447998 362
1682085469285 1.728958249092102 363
1682085472476 1.7090699672698975 364
1682085475700 1.7443327903747559 365
1682085478968 1.7218117713928223 366
1682085483151 1.7086228132247925 367
1682085486365 1.6658096313476562 368
1682085489568 1.703967571258545 369
1682085492858 1.6809337139129639 370
1682085496047 1.7608747482299805 371
1682085499201 1.7719995975494385 372
1682085502476 1.7438055276870728 373
1682085505577 1.7490092515945435 374
1682085508842 1.7089191675186157 375
1682085512009 1.6895631551742554 376
1682085515181 1.6948792934417725 377
1682085518262 1.74408757686615 378
1682085521422 1.7092360258102417 379
1682085524612 1.703478455543518 380
1682085527970 1.6832455396652222 381
1682085531003 1.6870148181915283 382
1682085534083 1.678978443145752 383
1682085537053 1.6828500032424927 384
1682085540139 1.6964980363845825 385
1682085543527 1.7004119157791138 386
1682085546774 1.7529690265655518 387
1682085549901 1.6760092973709106 388
1682085553119 1.6949487924575806 389
1682085556212 1.670559287071228 390
1682085559301 1.6783159971237183 391
1682085562393 1.6947505474090576 392
1682085565488 1.6430295705795288 393
1682085568584 1.7426291704177856 394
1682085572061 1.6644302606582642 395
1682085575714 1.7260152101516724 396
1682085579578 1.7010153532028198 397
1682085582881 1.6723777055740356 398
1682085586145 1.6768797636032104 399
1682085589380 1.6711279153823853 400
1682085592504 1.642520785331726 401
1682085595683 1.635567307472229 402
1682085598798 1.6894583702087402 403
1682085601967 1.689265489578247 404
1682085604993 1.7076205015182495 405
1682085608041 1.6605581045150757 406
1682085610970 1.6765724420547485 407
1682085614071 1.6620230674743652 408
1682085617348 1.6639286279678345 409
1682085620652 1.6279582977294922 410
1682085623812 1.684432029724121 411
1682085626826 1.6679643392562866 412
1682085629925 1.662462830543518 413
1682085632935 1.669050693511963 414
1682085635869 1.695579171180725 415
1682085638801 1.682252287864685 416
1682085641793 1.6770223379135132 417
1682085644678 1.6622238159179688 418
1682085647668 1.6801632642745972 419
1682085650665 1.646652102470398 420
1682085654088 1.6840600967407227 421
1682085657207 1.6556426286697388 422
1682085660304 1.6514252424240112 423
1682085663603 1.6480475664138794 424
1682085667386 1.6822254657745361 425
1682085670695 1.647903561592102 426
1682085673717 1.6491955518722534 427
1682085676824 1.6461291313171387 428
1682085679993 1.6488151550292969 429
1682085683114 1.6902378797531128 430
1682085686051 1.6670914888381958 431
1682085689131 1.679587960243225 432
1682085692032 1.673803687095642 433
1682085695045 1.6406916379928589 434
1682085697956 1.651947259902954 435
1682085700951 1.6805346012115479 436
1682085703849 1.6446621417999268 437
1682085707231 1.7051953077316284 438
1682085710565 1.6630276441574097 439
1682085713742 1.6405853033065796 440
1682085717305 1.6532573699951172 441
1682085720486 1.6668496131896973 442
1682085723596 1.6637153625488281 443
1682085726723 1.6462366580963135 444
1682085729850 1.637408971786499 445
1682085733006 1.6629936695098877 446
1682085736214 1.681663990020752 447
1682085739362 1.6232348680496216 448
1682085742462 1.6729854345321655 449
1682085745692 1.6584150791168213 450
1682085748837 1.6583647727966309 451
1682085752054 1.6768935918807983 452
1682085755203 1.64264976978302 453
1682085758321 1.6171327829360962 454
1682085761754 1.6405588388442993 455
1682085765186 1.6931570768356323 456
1682085769215 1.6374516487121582 457
1682085773130 1.6367040872573853 458
1682085776312 1.6280500888824463 459
1682085779288 1.652826189994812 460
1682085783062 1.6226544380187988 461
1682085786223 1.6574188470840454 462
1682085789415 1.6014357805252075 463
1682085792420 1.6307215690612793 464
1682085795590 1.6620656251907349 465
1682085798620 1.6002510786056519 466
1682085801731 1.6390466690063477 467
1682085804822 1.6563951969146729 468
1682085807932 1.628913164138794 469
1682085810970 1.6005162000656128 470
1682085814089 1.6477752923965454 471
1682086003184 1.6723265647888184 472
1682086006118 1.6498384475708008 473
1682086009025 1.6126824617385864 474
1682086011950 1.6503878831863403 475
1682086014896 1.6164108514785767 476
1682086017777 1.5826280117034912 477
1682086020703 1.6498531103134155 478
1682086023612 1.6408158540725708 479
1682086026512 1.6190522909164429 480
1682086029371 1.6220651865005493 481
1682086032296 1.6416301727294922 482
1682086035143 1.6590774059295654 483
1682086038053 1.6374106407165527 484
1682086040901 1.5948190689086914 485
1682086043786 1.631218671798706 486
1682086046685 1.651943325996399 487
1682086049541 1.573826551437378 488
1682086052421 1.6649253368377686 489
1682086055287 1.6023880243301392 490
1682086058150 1.6638994216918945 491
1682086061025 1.6206672191619873 492
1682086063907 1.6513845920562744 493
1682086066770 1.6321512460708618 494
1682086069684 1.6296021938323975 495
1682086072535 1.6705206632614136 496
1682086075390 1.5976442098617554 497
1682086078248 1.6104624271392822 498
1682086081121 1.6633880138397217 499
1682086084002 1.6563140153884888 500
1682086086863 1.658690094947815 501
1682086089829 1.5668648481369019 502
1682086092696 1.6448988914489746 503
1682086095550 1.6238255500793457 504
1682086098402 1.6702972650527954 505
1682086101224 1.681732177734375 506
1682086104148 1.6261235475540161 507
1682086107076 1.6822079420089722 508
1682086109998 1.6989041566848755 509
1682086113288 1.5828794240951538 510
1682086116848 1.6487690210342407 511
1682086120109 1.618811845779419 512
1682086123337 1.6551963090896606 513
1682086126624 1.6510685682296753 514
1682086129831 1.6230285167694092 515
1682086133196 1.618967890739441 516
1682086136061 1.6191771030426025 517
1682086139034 1.6133644580841064 518
1682086141895 1.6392182111740112 519
1682086144812 1.606324315071106 520
1682086147683 1.620185136795044 521
1682086150586 1.6643472909927368 522
1682086153449 1.5960527658462524 523
1682086156334 1.6173946857452393 524
1682086159207 1.628826379776001 525
1682086162070 1.6159769296646118 526
1682086165035 1.5979872941970825 527
1682086167930 1.6157853603363037 528
1682086170877 1.5739423036575317 529
1682086173767 1.6192731857299805 530
1682086176751 1.6433758735656738 531
1682086179649 1.6086910963058472 532
1682086182783 1.6338573694229126 533
1682086185670 1.6346710920333862 534
1682086188623 1.619379997253418 535
1682086191553 1.6435914039611816 536
1682086194477 1.6342281103134155 537
1682086197375 1.6248036623001099 538
1682086200327 1.6507465839385986 539
1682086203302 1.6707127094268799 540
1682086206257 1.5988465547561646 541
1682086209153 1.5800707340240479 542
1682086212140 1.5919580459594727 543
1682086215014 1.6336166858673096 544
1682086217938 1.6084104776382446 545
1682086220869 1.625583529472351 546
1682086223811 1.641182780265808 547
1682086226713 1.627945065498352 548
1682086229590 1.6316595077514648 549
1682086232512 1.6387314796447754 550
1682086235416 1.5972208976745605 551
1682086238318 1.6304254531860352 552
1682086241198 1.6120765209197998 553
1682086244133 1.5781859159469604 554
1682086247036 1.6011320352554321 555
1682086249987 1.6126819849014282 556
1682086252890 1.5937236547470093 557
1682086255851 1.6154612302780151 558
1682086258829 1.6118603944778442 559
1682086261759 1.6086833477020264 560
1682086264685 1.560938835144043 561
1682086267615 1.6481863260269165 562
1682086270542 1.6338366270065308 563
1682086273460 1.6558476686477661 564
1682086276330 1.618812084197998 565
1682086279241 1.630486011505127 566
1682086282231 1.6271684169769287 567
1682086285182 1.6083098649978638 568
1682086288044 1.603659749031067 569
1682086291020 1.627469778060913 570
1682086293902 1.6441344022750854 571
1682086296852 1.6407283544540405 572
1682086299840 1.6203670501708984 573
1682086302789 1.5672889947891235 574
1682086305727 1.573452115058899 575
1682086308643 1.5587867498397827 576
1682086311570 1.6487380266189575 577
1682086314468 1.568428635597229 578
1682086317403 1.6360069513320923 579
1682086320306 1.6049319505691528 580
1682086323227 1.6072404384613037 581
1682086326103 1.6378873586654663 582
1682086328975 1.6051790714263916 583
1682086331884 1.616193175315857 584
1682086334707 1.6261401176452637 585
1682086337614 1.5574370622634888 586
1682086340573 1.6095123291015625 587
1682086343493 1.5996208190917969 588
1682086346289 1.634448766708374 589
1682086525855 1.6209155321121216 590
1682086528720 1.6349660158157349 591
1682086531592 1.6137903928756714 592
1682086534498 1.5764236450195312 593
1682086537390 1.5632781982421875 594
1682086540297 1.616023302078247 595
1682086543226 1.6380606889724731 596
1682086546120 1.6005901098251343 597
1682086549051 1.6644551753997803 598
1682086551889 1.5930798053741455 599
1682086554868 1.5819836854934692 600
1682086557743 1.5903338193893433 601
1682086560623 1.5943000316619873 602
1682086563502 1.6255959272384644 603
1682086566379 1.574684500694275 604
1682086569309 1.6042696237564087 605
1682086572192 1.6146678924560547 606
1682086575107 1.582634449005127 607
1682086577973 1.6209973096847534 608
1682086580915 1.6336915493011475 609
1682086583737 1.6227093935012817 610
1682086586671 1.603602409362793 611
1682086589549 1.5498404502868652 612
1682086592480 1.5938557386398315 613
1682086595350 1.6106739044189453 614
1682086598259 1.5961878299713135 615
1682086601171 1.5703824758529663 616
1682086604103 1.5781300067901611 617
1682086606979 1.5948344469070435 618
1682086609860 1.6051474809646606 619
1682086612766 1.5589452981948853 620
1682086615735 1.59610116481781 621
1682086618594 1.5882102251052856 622
1682086621520 1.581908106803894 623
1682086624362 1.561368703842163 624
1682086627232 1.607304573059082 625
1682086630167 1.5739728212356567 626
1682086633052 1.5805994272232056 627
1682086635914 1.5689175128936768 628
1682086638815 1.5918649435043335 629
1682086641746 1.5857911109924316 630
1682086644635 1.598656415939331 631
1682086647625 1.5717486143112183 632
1682086650475 1.582507610321045 633
1682086653392 1.5615770816802979 634
1682086656251 1.5587098598480225 635
1682086659185 1.6113321781158447 636
1682086662081 1.5382994413375854 637
1682086664956 1.578545093536377 638
1682086667832 1.544655203819275 639
1682086670679 1.5916497707366943 640
1682086673608 1.5696626901626587 641
1682086676469 1.5541715621948242 642
1682086679463 1.5824763774871826 643
1682086682352 1.6008011102676392 644
1682086685302 1.5886774063110352 645
1682086688199 1.5657285451889038 646
1682086691102 1.5854121446609497 647
1682086694054 1.5690536499023438 648
1682086696972 1.5638588666915894 649
1682086699854 1.561949372291565 650
1682086702710 1.5729458332061768 651
1682086705610 1.5681400299072266 652
1682086708456 1.5836554765701294 653
1682086711362 1.5558557510375977 654
1682086714236 1.545609951019287 655
1682086717110 1.575125813484192 656
1682086719994 1.5602691173553467 657
1682086722885 1.5637696981430054 658
1682086725790 1.5653752088546753 659
1682086728651 1.5725489854812622 660
1682086731540 1.5582597255706787 661
1682086734432 1.5615848302841187 662
1682086737387 1.5674623250961304 663
1682086740283 1.578983187675476 664
1682086743169 1.5551446676254272 665
1682086746139 1.563664197921753 666
1682086748995 1.5671802759170532 667
1682086751920 1.553422451019287 668
1682086754838 1.554406762123108 669
1682086757724 1.5841420888900757 670
1682086760643 1.5801231861114502 671
1682086763512 1.567720890045166 672
1682086766446 1.5943737030029297 673
1682086769298 1.5655186176300049 674
1682086772280 1.5471128225326538 675
1682086775125 1.5488404035568237 676
1682086778075 1.5791572332382202 677
1682086780942 1.5383096933364868 678
1682086783913 1.5409302711486816 679
1682086786772 1.5677655935287476 680
1682086789714 1.5465840101242065 681
1682086792589 1.5625159740447998 682
1682086795467 1.5741376876831055 683
1682086798373 1.5538249015808105 684
1682086801267 1.5638407468795776 685
1682086804196 1.5634130239486694 686
1682086807056 1.5751843452453613 687
1682086810010 1.5699567794799805 688
1682086812863 1.5759422779083252 689
1682086815786 1.54274320602417 690
1682086818641 1.5645946264266968 691
1682086821587 1.552433729171753 692
1682086824514 1.5477914810180664 693
1682086827491 1.6155449151992798 694
1682086830451 1.5597350597381592 695
1682086833367 1.5641335248947144 696
1682086836287 1.5726302862167358 697
1682086839239 1.5782943964004517 698
1682086842109 1.5388389825820923 699
1682086845013 1.5749220848083496 700
1682086847896 1.5598843097686768 701
1682086850769 1.566011667251587 702
1682086853572 1.5474942922592163 703
1682086856426 1.5992752313613892 704
1682086859396 1.5531911849975586 705
1682086862497 1.5626368522644043 706
1682086865361 1.5574629306793213 707
1682087046407 1.5831964015960693 708
1682087049303 1.5846281051635742 709
1682087055271 1.556896686553955 710
1682087058246 1.5572260618209839 711
1682087061083 1.5362039804458618 712
1682087063926 1.5610073804855347 713
1682087066775 1.53892982006073 714
1682087069622 1.5507938861846924 715
1682087072655 1.5657398700714111 716
1682087075432 1.5382022857666016 717
1682087078335 1.5709210634231567 718
1682087081422 1.529192566871643 719
1682087084268 1.579308271408081 720
1682087087155 1.5321000814437866 721
1682087090103 1.5689127445220947 722
1682087093016 1.5324664115905762 723
1682087095827 1.568619728088379 724
1682087098722 1.5517746210098267 725
1682087101687 1.5461046695709229 726
1682087104534 1.5255759954452515 727
1682087107358 1.5431909561157227 728
1682087110367 1.5479613542556763 729
1682087113226 1.5473625659942627 730
1682087116082 1.5629202127456665 731
1682087118902 1.5443068742752075 732
1682087121940 1.5544358491897583 733
1682087124775 1.5309059619903564 734
1682087127666 1.5311930179595947 735
1682087130509 1.591435432434082 736
1682087133483 1.5304988622665405 737
1682087136322 1.5496188402175903 738
1682087139168 1.5272260904312134 739
1682087142190 1.5536149740219116 740
1682087145030 1.5494979619979858 741
1682087147889 1.5334800481796265 742
1682087150676 1.5363578796386719 743
1682087153741 1.569930911064148 744
1682087156568 1.5423550605773926 745
1682087159383 1.5533647537231445 746
1682087162305 1.5526336431503296 747
1682087165208 1.5412036180496216 748
1682087167988 1.557268500328064 749
1682087170855 1.5290255546569824 750
1682087173855 1.5396714210510254 751
1682087176700 1.5250639915466309 752
1682087179496 1.5359574556350708 753
1682087182333 1.5443792343139648 754
1682087185274 1.5671905279159546 755
1682087188241 1.5706803798675537 756
1682087191055 1.5510594844818115 757
1682087194140 1.5326298475265503 758
1682087197043 1.5454072952270508 759
1682087199834 1.566269874572754 760
1682087202743 1.5265398025512695 761
1682087205634 1.529000997543335 762
1682087208530 1.5307034254074097 763
1682087211346 1.551400899887085 764
1682087214396 1.5170536041259766 765
1682087217303 1.5275120735168457 766
1682087220261 1.5129438638687134 767
1682087223086 1.5486571788787842 768
1682087226130 1.5680439472198486 769
1682087228990 1.5358352661132812 770
1682087232462 1.5429344177246094 771
1682087235482 1.56691575050354 772
1682087238385 1.5476970672607422 773
1682087241284 1.5283247232437134 774
1682087244338 1.5411221981048584 775
1682087247354 1.5267497301101685 776
1682087250573 1.5485773086547852 777
1682087253548 1.5329036712646484 778
1682087256924 1.5269373655319214 779
1682087260069 1.5575381517410278 780
1682087263057 1.5265005826950073 781
1682087266280 1.5710091590881348 782
1682087269188 1.551780343055725 783
1682087272088 1.5329878330230713 784
1682087274980 1.5727535486221313 785
1682087278022 1.5406469106674194 786
1682087280917 1.5592635869979858 787
1682087283905 1.5434129238128662 788
1682087287109 1.5326038599014282 789
1682087289979 1.545060157775879 790
1682087292801 1.5235482454299927 791
1682087295620 1.5152593851089478 792
1682087298632 1.5580800771713257 793
1682087301437 1.5014424324035645 794
1682087304241 1.5492398738861084 795
1682087307306 1.5496405363082886 796
1682087310212 1.5335111618041992 797
1682087313047 1.5424230098724365 798
1682087315965 1.5526974201202393 799
1682087318973 1.5243966579437256 800
1682087321818 1.5228655338287354 801
1682087324614 1.5362590551376343 802
1682087327558 1.550048589706421 803
1682087330451 1.5615512132644653 804
1682087333303 1.517455816268921 805
1682087336121 1.5313911437988281 806
1682087339301 1.5258499383926392 807
1682087342207 1.5230587720870972 808
1682087345049 1.5289329290390015 809
1682087348003 1.517077922821045 810
1682087351007 1.520323634147644 811
1682087353855 1.5427120923995972 812
1682087356661 1.5463643074035645 813
1682087359666 1.5356709957122803 814
1682087362477 1.534578800201416 815
1682087365271 1.5001282691955566 816
1682087368127 1.544918179512024 817
1682087371008 1.5257444381713867 818
1682087373770 1.5227696895599365 819
1682087376542 1.5224106311798096 820
1682087379406 1.528517484664917 821
1682087382206 1.5290063619613647 822
1682087384989 1.5541719198226929 823
1682087387713 1.549889087677002 824
1682087390587 1.5512350797653198 825
1682087583376 1.5176191329956055 826
1682087586246 1.5459425449371338 827
1682087589135 1.5541316270828247 828
1682087591959 1.5193101167678833 829
1682087594720 1.5471292734146118 830
1682087597660 1.5286310911178589 831
1682087600474 1.5085173845291138 832
1682087603250 1.5386735200881958 833
1682087606027 1.5158271789550781 834
1682087608966 1.525961995124817 835
1682087611772 1.53499174118042 836
1682087614632 1.4961299896240234 837
1682087617605 1.5298126935958862 838
1682087620498 1.5421539545059204 839
1682087623324 1.5439751148223877 840
1682087626104 1.503718376159668 841
1682087629022 1.52579665184021 842
1682087631800 1.5424984693527222 843
1682087634572 1.5251907110214233 844
1682087637383 1.5131224393844604 845
1682087640210 1.5586082935333252 846
1682087642996 1.5274934768676758 847
1682087645754 1.537800908088684 848
1682087648590 1.5343403816223145 849
1682087651350 1.5546070337295532 850
1682087654157 1.5411324501037598 851
1682087656935 1.519051432609558 852
1682087659771 1.5147922039031982 853
1682087662564 1.5140117406845093 854
1682087665335 1.529282808303833 855
1682087668116 1.5682653188705444 856
1682087670895 1.5438103675842285 857
1682087673726 1.5280964374542236 858
1682087676534 1.5090049505233765 859
1682087679342 1.5176454782485962 860
1682087682121 1.5126034021377563 861
1682087684910 1.5226510763168335 862
1682087687673 1.5114127397537231 863
1682087690508 1.5385568141937256 864
1682087693299 1.523516058921814 865
1682087696111 1.5307024717330933 866
1682087698869 1.5041800737380981 867
1682087701646 1.5173488855361938 868
1682087704453 1.529190182685852 869
1682087707291 1.5255390405654907 870
1682087710111 1.5236669778823853 871
1682087712920 1.5097044706344604 872
1682087715727 1.5317014455795288 873
1682087718552 1.5011558532714844 874
1682087721353 1.5259785652160645 875
1682087724101 1.5249624252319336 876
1682087726876 1.5378504991531372 877
1682087729661 1.507308006286621 878
1682087732528 1.5068045854568481 879
1682087735291 1.5363200902938843 880
1682087738060 1.5092564821243286 881
1682087740871 1.5266945362091064 882
1682087743647 1.5021589994430542 883
1682087746470 1.5271533727645874 884
1682087749231 1.506742000579834 885
1682087752034 1.5027731657028198 886
1682087754805 1.5266318321228027 887
1682087757600 1.5255777835845947 888
1682087760380 1.5220447778701782 889
1682087763181 1.5006346702575684 890
1682087765946 1.5171828269958496 891
1682087768753 1.5254465341567993 892
1682087771536 1.5356500148773193 893
1682087774342 1.5294350385665894 894
1682087777132 1.541440725326538 895
1682087779897 1.5302677154541016 896
1682087782747 1.5083928108215332 897
1682087785608 1.5055882930755615 898
1682087788440 1.5079375505447388 899
1682087791206 1.5431411266326904 900
1682087794030 1.5172765254974365 901
1682087796796 1.5225473642349243 902
1682087799603 1.5371425151824951 903
1682087802424 1.5300476551055908 904
1682087805253 1.5159646272659302 905
1682087808059 1.5162631273269653 906
1682087810829 1.5263581275939941 907
1682087813660 1.5135239362716675 908
1682087816437 1.5711878538131714 909
1682087819265 1.528830885887146 910
1682087822031 1.528144359588623 911
1682087824842 1.5035649538040161 912
1682087827628 1.4987021684646606 913
1682087830459 1.5342291593551636 914
1682087833295 1.5157017707824707 915
1682087836102 1.5024514198303223 916
1682087838859 1.5154621601104736 917
1682087841648 1.5222890377044678 918
1682087844414 1.5244505405426025 919
1682087847189 1.5516563653945923 920
1682087849975 1.4977822303771973 921
1682087852735 1.5136250257492065 922
1682087855571 1.5143864154815674 923
1682087858339 1.5177298784255981 924
1682087861141 1.5360820293426514 925
1682087863909 1.519424557685852 926
1682087866696 1.4973183870315552 927
1682087869486 1.5362900495529175 928
1682087872275 1.5289543867111206 929
1682087875040 1.5096534490585327 930
1682087877838 1.5075221061706543 931
1682087880615 1.518356442451477 932
1682087883427 1.5102416276931763 933
1682087886227 1.5226855278015137 934
1682087888984 1.5452284812927246 935
1682087891805 1.5258991718292236 936
1682087894554 1.525774359703064 937
1682087897289 1.5320703983306885 938
1682087899978 1.5187523365020752 939
1682087902722 1.5129464864730835 940
1682087905436 1.5302784442901611 941
1682087908211 1.5341860055923462 942
1682087910907 1.521735668182373 943
1682088080821 1.4973478317260742 944
1682088083584 1.497735619544983 945
1682088086321 1.5109174251556396 946
1682088089097 1.5230733156204224 947
1682088091882 1.5084195137023926 948
1682088094698 1.5034797191619873 949
1682088097420 1.5200018882751465 950
1682088100208 1.5036700963974 951
1682088102983 1.5233615636825562 952
1682088105727 1.5183091163635254 953
1682088108461 1.523160696029663 954
1682088111196 1.5151797533035278 955
1682088113984 1.5093097686767578 956
1682088116750 1.512943148612976 957
1682088119542 1.5080149173736572 958
1682088122321 1.5089366436004639 959
1682088125087 1.4885849952697754 960
1682088127810 1.4998224973678589 961
1682088130596 1.507623553276062 962
1682088133361 1.5221177339553833 963
1682088136128 1.4983601570129395 964
1682088138907 1.510827898979187 965
1682088141741 1.5046498775482178 966
1682088144477 1.5204583406448364 967
1682088147224 1.5044997930526733 968
1682088149981 1.5113919973373413 969
1682088152713 1.5477443933486938 970
1682088155520 1.5148121118545532 971
1682088158285 1.5148289203643799 972
1682088161070 1.5231056213378906 973
1682088163830 1.5196306705474854 974
1682088166612 1.5051040649414062 975
1682088169353 1.5049777030944824 976
1682088172157 1.5212137699127197 977
1682088174917 1.5179789066314697 978
1682088177735 1.5181927680969238 979
1682088180499 1.5004934072494507 980
1682088183261 1.5081632137298584 981
1682088186014 1.514601469039917 982
1682088188952 1.5154428482055664 983
1682088191701 1.5238432884216309 984
1682088194451 1.51856529712677 985
1682088197230 1.5008639097213745 986
1682088200003 1.5173245668411255 987
1682088202772 1.499812126159668 988
1682088205513 1.4956634044647217 989
1682088208278 1.492781162261963 990
1682088211025 1.510669231414795 991
1682088213785 1.508785605430603 992
1682088216517 1.523626446723938 993
1682088219290 1.498271107673645 994
1682088222040 1.5124297142028809 995
1682088224776 1.505486249923706 996
1682088227513 1.5019289255142212 997
1682088230239 1.4968452453613281 998
1682088233001 1.5465248823165894 999
1682088235724 1.5244983434677124 1000
1682088238485 1.494686245918274 1001
1682088241247 1.5156563520431519 1002
1682088244014 1.5218459367752075 1003
1682088246727 1.5088646411895752 1004
1682088249504 1.5036051273345947 1005
1682088252236 1.5118415355682373 1006
1682088255001 1.5140150785446167 1007
1682088257719 1.5174349546432495 1008
1682088260502 1.4905109405517578 1009
1682088263251 1.512964129447937 1010
1682088266034 1.5301542282104492 1011
1682088268762 1.5028488636016846 1012
1682088271497 1.5227831602096558 1013
1682088274270 1.504722237586975 1014
1682088277027 1.5020618438720703 1015
1682088279769 1.5215480327606201 1016
1682088282505 1.5020629167556763 1017
1682088285271 1.5050339698791504 1018
1682088288014 1.497924566268921 1019
1682088290779 1.5004920959472656 1020
1682088293538 1.5223816633224487 1021
1682088296358 1.4991530179977417 1022
1682088299101 1.5100821256637573 1023
1682088301894 1.5028579235076904 1024
1682088304638 1.51823091506958 1025
1682088307425 1.5143157243728638 1026
1682088310179 1.5119285583496094 1027
1682088312952 1.5199190378189087 1028
1682088315714 1.51271390914917 1029
1682088318533 1.5115559101104736 1030
1682088321289 1.4841384887695312 1031
1682088324031 1.5030893087387085 1032
1682088326823 1.5198599100112915 1033
1682088329559 1.517959713935852 1034
1682088332347 1.5190653800964355 1035
1682088335157 1.5170025825500488 1036
1682088337923 1.5233052968978882 1037
1682088340652 1.5049296617507935 1038
1682088343468 1.5228807926177979 1039
1682088346227 1.5204291343688965 1040
1682088349034 1.4888492822647095 1041
1682088351747 1.4929312467575073 1042
1682088354530 1.5012353658676147 1043
1682088357265 1.523057222366333 1044
1682088360052 1.5016142129898071 1045
1682088362814 1.5220222473144531 1046
1682088365551 1.5062696933746338 1047
1682088368359 1.496920108795166 1048
1682088371118 1.5173194408416748 1049
1682088373909 1.5108507871627808 1050
1682088376638 1.5163934230804443 1051
1682088379394 1.50044846534729 1052
1682088382120 1.5325440168380737 1053
1682088384905 1.5370800495147705 1054
1682088387604 1.5063817501068115 1055
1682088390354 1.5052624940872192 1056
1682088393053 1.5110085010528564 1057
1682088395762 1.4964008331298828 1058
1682088398491 1.5226118564605713 1059
1682088401191 1.5067744255065918 1060
1682088403960 1.4985319375991821 1061
1682088575019 1.5036506652832031 1062
1682088577787 1.495246171951294 1063
1682088580568 1.4997011423110962 1064
1682088583362 1.4895317554473877 1065
1682088586132 1.4988205432891846 1066
1682088588912 1.4977964162826538 1067
1682088591654 1.5097081661224365 1068
1682088594419 1.4908998012542725 1069
1682088597179 1.5175831317901611 1070
1682088599981 1.507067322731018 1071
1682088602727 1.5134594440460205 1072
1682088605473 1.4983185529708862 1073
1682088608265 1.4981263875961304 1074
1682088611005 1.499517798423767 1075
1682088613805 1.5125634670257568 1076
1682088616554 1.4981993436813354 1077
1682088619350 1.5214424133300781 1078
1682088622072 1.5132174491882324 1079
1682088624855 1.4980913400650024 1080
1682088627600 1.4972959756851196 1081
1682088630378 1.5047727823257446 1082
1682088633111 1.4934542179107666 1083
1682088635905 1.491568684577942 1084
1682088638647 1.5184773206710815 1085
1682088641390 1.5066168308258057 1086
1682088644174 1.5067633390426636 1087
1682088646905 1.5087308883666992 1088
1682088649682 1.4938945770263672 1089
1682088652423 1.5389552116394043 1090
1682088655236 1.4941227436065674 1091
1682088657961 1.5081263780593872 1092
1682088660737 1.5002036094665527 1093
1682088663483 1.5017153024673462 1094
1682088666294 1.5013118982315063 1095
1682088669036 1.5215082168579102 1096
1682088671788 1.4819434881210327 1097
1682088674566 1.503283977508545 1098
1682088677366 1.4954333305358887 1099
1682088680127 1.5104331970214844 1100
1682088682857 1.500449776649475 1101
1682088685599 1.5070489645004272 1102
1682088688339 1.5070297718048096 1103
1682088691114 1.5194145441055298 1104
1682088693894 1.5109950304031372 1105
1682088696654 1.4997856616973877 1106
1682088699414 1.5086562633514404 1107
1682088702219 1.5020372867584229 1108
1682088704954 1.4883910417556763 1109
1682088707709 1.5378437042236328 1110
1682088710500 1.502829670906067 1111
1682088713297 1.4866360425949097 1112
1682088716094 1.4940106868743896 1113
1682088718883 1.5051478147506714 1114
1682088721635 1.502365231513977 1115
1682088724412 1.5074235200881958 1116
1682088727186 1.4986616373062134 1117
1682088729929 1.5004963874816895 1118
1682088732721 1.4836121797561646 1119
1682088735498 1.487627625465393 1120
1682088738295 1.4954230785369873 1121
1682088741029 1.5043762922286987 1122
1682088743831 1.5031683444976807 1123
1682088746562 1.5110969543457031 1124
1682088749333 1.505836009979248 1125
1682088752109 1.5151106119155884 1126
1682088754887 1.4975078105926514 1127
1682088757645 1.5119132995605469 1128
1682088760472 1.5050442218780518 1129
1682088763236 1.4881064891815186 1130
1682088765962 1.5073033571243286 1131
1682088768725 1.489477515220642 1132
1682088771490 1.5095690488815308 1133
1682088774296 1.50510835647583 1134
1682088777029 1.5112745761871338 1135
1682088779793 1.502334475517273 1136
1682088782512 1.5171154737472534 1137
1682088785292 1.5260727405548096 1138
1682088788034 1.516097068786621 1139
1682088790787 1.5118879079818726 1140
1682088793535 1.5100950002670288 1141
1682088796346 1.5133694410324097 1142
1682088799084 1.4976134300231934 1143
1682088801861 1.5118221044540405 1144
1682088804629 1.4874004125595093 1145
1682088807381 1.5021240711212158 1146
1682088810132 1.4941900968551636 1147
1682088812892 1.4964721202850342 1148
1682088815652 1.5170276165008545 1149
1682088818399 1.4942190647125244 1150
1682088821173 1.5160571336746216 1151
1682088823919 1.494028091430664 1152
1682088826686 1.4930918216705322 1153
1682088829742 1.5007919073104858 1154
1682088832612 1.4897031784057617 1155
1682088835367 1.4973536729812622 1156
1682088838174 1.5125066041946411 1157
1682088841081 1.492573857307434 1158
1682088843823 1.511000156402588 1159
1682088846642 1.5061360597610474 1160
1682088849387 1.4945180416107178 1161
1682088852201 1.5023221969604492 1162
1682088854954 1.50553297996521 1163
1682088857718 1.4932453632354736 1164
1682088860477 1.5001037120819092 1165
1682088863273 1.5070074796676636 1166
1682088866043 1.49075186252594 1167
1682088868837 1.5015208721160889 1168
1682088871575 1.5112152099609375 1169
1682088874360 1.498892068862915 1170
1682088877102 1.4997597932815552 1171
1682088879822 1.5044302940368652 1172
1682088882518 1.5017808675765991 1173
1682088885271 1.4893606901168823 1174
1682088888032 1.523047924041748 1175
1682088890727 1.5199514627456665 1176
1682088893485 1.5108208656311035 1177
1682088896214 1.5109318494796753 1178
1682088898978 1.5048723220825195 1179
1682089069311 1.4971264600753784 1180
1682089072131 1.4936401844024658 1181
1682089074918 1.489678978919983 1182
1682089077699 1.4976050853729248 1183
1682089080443 1.487990140914917 1184
1682089083235 1.5056968927383423 1185
1682089086012 1.511488437652588 1186
1682089088800 1.509212851524353 1187
1682089091748 1.4965472221374512 1188
1682089094557 1.4994150400161743 1189
1682089097332 1.499448299407959 1190
1682089100162 1.523114800453186 1191
1682089102945 1.4876676797866821 1192
1682089105723 1.500549554824829 1193
1682089108564 1.4995561838150024 1194
1682089111299 1.497144103050232 1195
1682089114064 1.4867563247680664 1196
1682089116795 1.4890272617340088 1197
1682089119582 1.524938941001892 1198
1682089122311 1.5049561262130737 1199
1682089125097 1.4953113794326782 1200
1682089127837 1.4801973104476929 1201
1682089130596 1.4819692373275757 1202
1682089133341 1.4890679121017456 1203
1682089136123 1.504575490951538 1204
1682089138888 1.4920369386672974 1205
1682089141657 1.4857228994369507 1206
1682089144453 1.4958869218826294 1207
1682089147199 1.497796893119812 1208
1682089149977 1.491097092628479 1209
1682089152741 1.4903508424758911 1210
1682089155523 1.4881997108459473 1211
1682089158259 1.4979966878890991 1212
1682089161089 1.4970988035202026 1213
1682089163855 1.5158027410507202 1214
1682089166634 1.5106241703033447 1215
1682089169391 1.5010488033294678 1216
1682089172158 1.4847564697265625 1217
1682089174901 1.4862643480300903 1218
1682089177676 1.485203504562378 1219
1682089180518 1.5004281997680664 1220
1682089183285 1.492233157157898 1221
1682089186129 1.497286319732666 1222
1682089188862 1.5052739381790161 1223
1682089191621 1.4972352981567383 1224
1682089194374 1.50780189037323 1225
1682089197176 1.4792115688323975 1226
1682089199932 1.5023527145385742 1227
1682089202717 1.4968518018722534 1228
1682089205467 1.4874335527420044 1229
1682089208194 1.5118120908737183 1230
1682089210947 1.5094877481460571 1231
1682089213693 1.510230302810669 1232
1682089216452 1.4866422414779663 1233
1682089219188 1.497471809387207 1234
1682089222005 1.4900566339492798 1235
1682089224750 1.4882882833480835 1236
1682089227549 1.495804786682129 1237
1682089230302 1.5017600059509277 1238
1682089233075 1.5005303621292114 1239
1682089235804 1.4896786212921143 1240
1682089238597 1.5121430158615112 1241
1682089241350 1.4909437894821167 1242
1682089244116 1.4980106353759766 1243
1682089246859 1.494115948677063 1244
1682089249676 1.4899306297302246 1245
1682089252424 1.49799644947052 1246
1682089255168 1.4992557764053345 1247
1682089257929 1.501601219177246 1248
1682089260692 1.5016040802001953 1249
1682089263491 1.5091638565063477 1250
1682089266241 1.5039836168289185 1251
1682089269047 1.490314245223999 1252
1682089271799 1.4928224086761475 1253
1682089274600 1.496189832687378 1254
1682089277337 1.4885575771331787 1255
1682089280170 1.491523265838623 1256
1682089282903 1.505136251449585 1257
1682089285688 1.4894118309020996 1258
1682089288439 1.5103325843811035 1259
1682089291186 1.5005074739456177 1260
1682089293939 1.502514123916626 1261
1682089296724 1.4827240705490112 1262
1682089299540 1.4983267784118652 1263
1682089302270 1.4997094869613647 1264
1682089305048 1.4954930543899536 1265
1682089307800 1.5186734199523926 1266
1682089310596 1.4776276350021362 1267
1682089313357 1.4799612760543823 1268
1682089316144 1.5133252143859863 1269
1682089319030 1.4850956201553345 1270
1682089322635 1.5019258260726929 1271
1682089325526 1.4989913702011108 1272
1682089328367 1.5035103559494019 1273
1682089331254 1.4906229972839355 1274
1682089334090 1.4922962188720703 1275
1682089336944 1.5032463073730469 1276
1682089339910 1.4957722425460815 1277
1682089342784 1.4898192882537842 1278
1682089345724 1.5178970098495483 1279
1682089348654 1.4933582544326782 1280
1682089351610 1.5024011135101318 1281
1682089354813 1.4787495136260986 1282
1682089358194 1.494180679321289 1283
1682089361433 1.4988782405853271 1284
1682089364631 1.4992573261260986 1285
1682089367748 1.4877867698669434 1286
1682089370838 1.5048487186431885 1287
1682089373776 1.5047270059585571 1288
1682089376701 1.4991374015808105 1289
1682089379611 1.5028433799743652 1290
1682089382468 1.5101087093353271 1291
1682089385307 1.5034170150756836 1292
1682089388146 1.5044904947280884 1293
1682089390993 1.5027203559875488 1294
1682089393858 1.5018184185028076 1295
1682089396780 1.514445185661316 1296
1682089401505 1.495132327079773 1297
1682089580615 1.5040135383605957 1298
1682089583514 1.4936467409133911 1299
1682089586409 1.507834792137146 1300
1682089589328 1.487517237663269 1301
1682089592211 1.4868054389953613 1302
1682089595110 1.4891482591629028 1303
1682089598027 1.5207325220108032 1304
1682089600935 1.4873183965682983 1305
1682089603854 1.49931001663208 1306
1682089606749 1.490273118019104 1307
1682089609671 1.4912770986557007 1308
1682089612585 1.493627905845642 1309
1682089615485 1.498812198638916 1310
1682089618395 1.506438136100769 1311
1682089621334 1.4847450256347656 1312
1682089624270 1.4854587316513062 1313
1682089627191 1.5134514570236206 1314
1682089630088 1.4827097654342651 1315
1682089633002 1.5160497426986694 1316
1682089635903 1.485825777053833 1317
1682089638809 1.4885296821594238 1318
1682089641721 1.4976177215576172 1319
1682089644627 1.483538031578064 1320
1682089647533 1.4924453496932983 1321
1682089650443 1.4912389516830444 1322
1682089653340 1.5159406661987305 1323
1682089656228 1.5095162391662598 1324
1682089659137 1.4937422275543213 1325
1682089662072 1.497557520866394 1326
1682089665003 1.4856023788452148 1327
1682089667898 1.4876636266708374 1328
1682089670781 1.4872063398361206 1329
1682089673693 1.476182222366333 1330
1682089676618 1.4800639152526855 1331
1682089679547 1.4862380027770996 1332
1682089682476 1.501928687095642 1333
1682089685394 1.4926517009735107 1334
1682089688307 1.4842591285705566 1335
1682089691271 1.4895603656768799 1336
1682089694186 1.4746700525283813 1337
1682089697091 1.4873020648956299 1338
1682089700017 1.5094404220581055 1339
1682089702971 1.5001285076141357 1340
1682089705881 1.487497329711914 1341
1682089708801 1.5095347166061401 1342
1682089711725 1.5095802545547485 1343
1682089714647 1.4855002164840698 1344
1682089717551 1.5047296285629272 1345
1682089720473 1.4864311218261719 1346
1682089723387 1.4953136444091797 1347
1682089726277 1.494370698928833 1348
1682089729215 1.5054466724395752 1349
1682089732233 1.4840731620788574 1350
1682089735142 1.4969677925109863 1351
1682089738077 1.5024006366729736 1352
1682089741034 1.4784040451049805 1353
1682089743987 1.49928879737854 1354
1682089746909 1.4768929481506348 1355
1682089749788 1.4940059185028076 1356
1682089752690 1.4874873161315918 1357
1682089755595 1.479477882385254 1358
1682089758536 1.4865647554397583 1359
1682089761420 1.4961490631103516 1360
1682089764314 1.4976290464401245 1361
1682089767239 1.5036814212799072 1362
1682089770119 1.4931988716125488 1363
1682089773037 1.4852099418640137 1364
1682089775946 1.4822994470596313 1365
1682089778854 1.4980427026748657 1366
1682089781769 1.4904533624649048 1367
1682089784686 1.4904258251190186 1368
1682089787615 1.4972785711288452 1369
1682089790502 1.4832942485809326 1370
1682089793396 1.4878003597259521 1371
1682089796304 1.4913544654846191 1372
1682089799212 1.4965548515319824 1373
1682089802122 1.4927717447280884 1374
1682089805038 1.4907723665237427 1375
1682089807977 1.5042284727096558 1376
1682089810893 1.5235382318496704 1377
1682089813803 1.4797037839889526 1378
1682089816712 1.5084060430526733 1379
1682089819622 1.4956568479537964 1380
1682089822507 1.4937090873718262 1381
1682089825389 1.4878818988800049 1382
1682089828308 1.4983755350112915 1383
1682089831225 1.4896008968353271 1384
1682089834115 1.504835844039917 1385
1682089837058 1.5009806156158447 1386
1682089839973 1.4876620769500732 1387
1682089842891 1.4860962629318237 1388
1682089845817 1.4882858991622925 1389
1682089848751 1.4796570539474487 1390
1682089851672 1.4872307777404785 1391
1682089854576 1.5039613246917725 1392
1682089857497 1.4954062700271606 1393
1682089860400 1.4930393695831299 1394
1682089863348 1.4944958686828613 1395
1682089866269 1.4936144351959229 1396
1682089869197 1.502690315246582 1397
1682089872126 1.5074104070663452 1398
1682089875088 1.5030486583709717 1399
1682089878037 1.4846813678741455 1400
1682089880987 1.487457275390625 1401
1682089883917 1.4805305004119873 1402
1682089886808 1.5032556056976318 1403
1682089889737 1.4927864074707031 1404
1682089892636 1.4835667610168457 1405
1682089895543 1.4948883056640625 1406
1682089898441 1.4935935735702515 1407
1682089901302 1.4968864917755127 1408
1682089904171 1.4790713787078857 1409
1682089907018 1.5035691261291504 1410
1682089909903 1.4892305135726929 1411
1682089912869 1.4785897731781006 1412
1682089915872 1.4952635765075684 1413
1682089918774 1.486106038093567 1414
1682089921642 1.4932644367218018 1415
1682090095744 1.4729160070419312 1416
1682090098601 1.4980610609054565 1417
1682090101490 1.4819576740264893 1418
1682090104367 1.509953260421753 1419
1682090107220 1.4926321506500244 1420
1682090110078 1.4972050189971924 1421
1682090112884 1.4743973016738892 1422
1682090115689 1.4887109994888306 1423
1682090118566 1.4791204929351807 1424
1682090121426 1.493888020515442 1425
1682090124300 1.5176681280136108 1426
1682090127137 1.5122321844100952 1427
1682090130028 1.502892017364502 1428
1682090132844 1.4934335947036743 1429
1682090135674 1.4838356971740723 1430
1682090138494 1.47556471824646 1431
1682090141362 1.4806404113769531 1432
1682090144206 1.4799858331680298 1433
1682090147036 1.4864025115966797 1434
1682090149893 1.4981722831726074 1435
1682090152679 1.483330488204956 1436
1682090155539 1.476811408996582 1437
1682090158390 1.4921537637710571 1438
1682090161253 1.50087571144104 1439
1682090164095 1.4979393482208252 1440
1682090166990 1.493019700050354 1441
1682090169796 1.4920094013214111 1442
1682090172596 1.4912968873977661 1443
1682090175593 1.479866623878479 1444
1682090178492 1.4941723346710205 1445
1682090181339 1.4893529415130615 1446
1682090184165 1.4793872833251953 1447
1682090187020 1.4957880973815918 1448
1682090189848 1.510024070739746 1449
1682090192713 1.4982900619506836 1450
1682090195538 1.485654592514038 1451
1682090198431 1.493399739265442 1452
1682090201260 1.485556721687317 1453
1682090204057 1.4924662113189697 1454
1682090206893 1.4970933198928833 1455
1682090209676 1.4913930892944336 1456
1682090212536 1.4863231182098389 1457
1682090215358 1.4927937984466553 1458
1682090218249 1.5031017065048218 1459
1682090221096 1.4850828647613525 1460
1682090223995 1.4918508529663086 1461
1682090226825 1.4965057373046875 1462
1682090229654 1.489172339439392 1463
1682090232463 1.4915231466293335 1464
1682090235283 1.487902283668518 1465
1682090238118 1.479144811630249 1466
1682090240944 1.4835107326507568 1467
1682090243786 1.4702421426773071 1468
1682090246599 1.4860310554504395 1469
1682090249456 1.4967708587646484 1470
1682090252321 1.4886281490325928 1471
1682090255145 1.4830350875854492 1472
1682090257937 1.498713731765747 1473
1682090260755 1.502898097038269 1474
1682090263580 1.5095865726470947 1475
1682090266403 1.4934487342834473 1476
1682090269247 1.4876322746276855 1477
1682090272040 1.4848636388778687 1478
1682090274892 1.488090991973877 1479
1682090277685 1.5056265592575073 1480
1682090280536 1.4861116409301758 1481
1682090283393 1.515528917312622 1482
1682090286246 1.484774112701416 1483
1682090289070 1.4875555038452148 1484
1682090291997 1.4870922565460205 1485
1682090294835 1.4911203384399414 1486
1682090297637 1.4845174551010132 1487
1682090300480 1.4746347665786743 1488
1682090303327 1.490653157234192 1489
1682090306140 1.5028289556503296 1490
1682090308997 1.4811590909957886 1491
1682090311838 1.5227880477905273 1492
1682090314652 1.5015408992767334 1493
1682090317496 1.4885780811309814 1494
1682090320314 1.4898052215576172 1495
1682090323123 1.4883832931518555 1496
1682090325945 1.487956166267395 1497
1682090328751 1.4803831577301025 1498
1682090331633 1.490693211555481 1499
1682090334449 1.4840025901794434 1500
1682090337311 1.4894654750823975 1501
1682090340122 1.498809814453125 1502
1682090342985 1.4917060136795044 1503
1682090345800 1.5011476278305054 1504
1682090348655 1.4791274070739746 1505
1682090351450 1.4928767681121826 1506
1682090354309 1.5059235095977783 1507
1682090357128 1.4815642833709717 1508
1682090359925 1.4975084066390991 1509
1682090362772 1.4868673086166382 1510
1682090365568 1.492430567741394 1511
1682090368427 1.4826968908309937 1512
1682090371228 1.4991025924682617 1513
1682090374066 1.4945218563079834 1514
1682090376866 1.4852313995361328 1515
1682090379787 1.4819626808166504 1516
1682090382618 1.513805866241455 1517
1682090385440 1.4934946298599243 1518
1682090388325 1.4815177917480469 1519
1682090391111 1.4982973337173462 1520
1682090393950 1.4784451723098755 1521
1682090396756 1.481946349143982 1522
1682090399626 1.4835618734359741 1523
1682090402471 1.4968452453613281 1524
1682090405358 1.4796223640441895 1525
1682090408145 1.4813711643218994 1526
1682090410969 1.4886999130249023 1527
1682090413763 1.4998403787612915 1528
1682090416548 1.4716488122940063 1529
1682090419337 1.48897123336792 1530
1682090422112 1.5021096467971802 1531
1682090424928 1.4901747703552246 1532
1682090427721 1.4881891012191772 1533
1682090602027 1.509568452835083 1534
1682090604896 1.4958752393722534 1535
1682090607730 1.4946805238723755 1536
1682090610613 1.4883944988250732 1537
1682090613457 1.4826284646987915 1538
1682090616335 1.4782602787017822 1539
1682090619159 1.4765379428863525 1540
1682090621996 1.4951250553131104 1541
1682090624852 1.4710297584533691 1542
1682090627706 1.4835444688796997 1543
1682090630591 1.482147216796875 1544
1682090633436 1.4750057458877563 1545
1682090636271 1.4847736358642578 1546
1682090639118 1.487767219543457 1547
1682090641972 1.489090919494629 1548
1682090644840 1.4791828393936157 1549
1682090647683 1.5020860433578491 1550
1682090650539 1.4905898571014404 1551
1682090653374 1.5016303062438965 1552
1682090656247 1.4922504425048828 1553
1682090659120 1.4866589307785034 1554
1682090661994 1.4768210649490356 1555
1682090664808 1.478628396987915 1556
1682090667710 1.4871387481689453 1557
1682090670542 1.4844939708709717 1558
1682090673391 1.4773013591766357 1559
1682090676234 1.5010613203048706 1560
1682090679088 1.518056869506836 1561
1682090681920 1.5035269260406494 1562
1682090684745 1.4918550252914429 1563
1682090687619 1.4889360666275024 1564
1682090690492 1.4841653108596802 1565
1682090693339 1.4736875295639038 1566
1682090696202 1.495461344718933 1567
1682090699061 1.4936000108718872 1568
1682090701872 1.4863642454147339 1569
1682090704718 1.4986659288406372 1570
1682090707576 1.484870433807373 1571
1682090710438 1.4853200912475586 1572
1682090713323 1.4872956275939941 1573
1682090716163 1.495517611503601 1574
1682090719039 1.483064889907837 1575
1682090721867 1.4878660440444946 1576
1682090724740 1.4779051542282104 1577
1682090727577 1.4894263744354248 1578
1682090730438 1.4971154928207397 1579
1682090733280 1.4738702774047852 1580
1682090736165 1.4878588914871216 1581
1682090739018 1.501468300819397 1582
1682090741873 1.5001341104507446 1583
1682090744759 1.5019670724868774 1584
1682090747612 1.4850865602493286 1585
1682090750481 1.5056850910186768 1586
1682090753340 1.4811185598373413 1587
1682090756192 1.4902702569961548 1588
1682090759087 1.4888339042663574 1589
1682090761929 1.4962735176086426 1590
1682090764763 1.4889380931854248 1591
1682090767618 1.4819843769073486 1592
1682090770518 1.4894543886184692 1593
1682090773392 1.4869061708450317 1594
1682090776274 1.4872052669525146 1595
1682090779138 1.4922332763671875 1596
1682090782021 1.4951809644699097 1597
1682090784869 1.4867385625839233 1598
1682090787741 1.4771848917007446 1599
1682090790593 1.4869474172592163 1600
1682090793595 1.480362057685852 1601
1682090796812 1.4846601486206055 1602
1682090799724 1.4836809635162354 1603
1682090802569 1.4790005683898926 1604
1682090805466 1.483031153678894 1605
1682090808344 1.4924557209014893 1606
1682090811204 1.4937773942947388 1607
1682090814011 1.4864802360534668 1608
1682090816867 1.4845798015594482 1609
1682090819722 1.4813154935836792 1610
1682090822581 1.4916023015975952 1611
1682090825480 1.4835138320922852 1612
1682090828361 1.5056469440460205 1613
1682090831191 1.510019302368164 1614
1682090834070 1.4787697792053223 1615
1682090836921 1.4724235534667969 1616
1682090839765 1.4906715154647827 1617
1682090842619 1.485913872718811 1618
1682090845439 1.4735116958618164 1619
1682090848319 1.5017762184143066 1620
1682090851144 1.4791237115859985 1621
1682090853983 1.4933714866638184 1622
1682090856829 1.4960534572601318 1623
1682090859677 1.4919612407684326 1624
1682090862543 1.4882203340530396 1625
1682090865400 1.4728460311889648 1626
1682090868240 1.476793646812439 1627
1682090871073 1.4925678968429565 1628
1682090873953 1.488650918006897 1629
1682090876790 1.4893274307250977 1630
1682090879663 1.471724271774292 1631
1682090882533 1.479696273803711 1632
1682090885417 1.499611496925354 1633
1682090888259 1.4745944738388062 1634
1682090891114 1.487763524055481 1635
1682090894005 1.4932067394256592 1636
1682090896821 1.4828294515609741 1637
1682090899656 1.489882230758667 1638
1682090902518 1.486291527748108 1639
1682090905366 1.4754067659378052 1640
1682090908174 1.4800941944122314 1641
1682090911106 1.4974429607391357 1642
1682090913928 1.477756381034851 1643
1682090916737 1.4857126474380493 1644
1682090919534 1.4899049997329712 1645
1682090922339 1.5052024126052856 1646
1682090925215 1.4870600700378418 1647
1682090928033 1.4878116846084595 1648
1682090930803 1.4853379726409912 1649
1682090933605 1.4870661497116089 1650
1682090936427 1.4860564470291138 1651
1682091110157 1.4840528964996338 1652
1682091113075 1.4883756637573242 1653
1682091115914 1.4814893007278442 1654
1682091118796 1.4751838445663452 1655
1682091121629 1.4886507987976074 1656
1682091124469 1.4774839878082275 1657
1682091127293 1.4886945486068726 1658
1682091130146 1.4872404336929321 1659
1682091132983 1.4815634489059448 1660
1682091135857 1.4989136457443237 1661
1682091138698 1.4887995719909668 1662
1682091141535 1.486306071281433 1663
1682091144387 1.4982610940933228 1664
1682091147197 1.4826050996780396 1665
1682091150047 1.4789063930511475 1666
1682091152877 1.4898278713226318 1667
1682091155715 1.4780827760696411 1668
1682091158558 1.4922504425048828 1669
1682091161370 1.506990671157837 1670
1682091164261 1.4717631340026855 1671
1682091167083 1.4751355648040771 1672
1682091169935 1.4990371465682983 1673
1682091172840 1.4869070053100586 1674
1682091175675 1.4952497482299805 1675
1682091178486 1.4819612503051758 1676
1682091181339 1.482019305229187 1677
1682091184146 1.4886138439178467 1678
1682091186986 1.5010491609573364 1679
1682091189849 1.4807944297790527 1680
1682091192682 1.4749959707260132 1681
1682091195537 1.4717613458633423 1682
1682091198417 1.4921115636825562 1683
1682091201259 1.484647274017334 1684
1682091204113 1.4758236408233643 1685
1682091206962 1.4750066995620728 1686
1682091209810 1.480804443359375 1687
1682091212722 1.4966052770614624 1688
1682091215565 1.4780997037887573 1689
1682091218361 1.4987846612930298 1690
1682091221203 1.4768288135528564 1691
1682091224058 1.4805773496627808 1692
1682091226919 1.486620306968689 1693
1682091229813 1.4938079118728638 1694
1682091232636 1.5096416473388672 1695
1682091235429 1.4848928451538086 1696
1682091238243 1.4806374311447144 1697
1682091241109 1.4867355823516846 1698
1682091243938 1.4761638641357422 1699
1682091246773 1.4850268363952637 1700
1682091249590 1.4802641868591309 1701
1682091252495 1.4885554313659668 1702
1682091255366 1.4765398502349854 1703
1682091258258 1.4989712238311768 1704
1682091261055 1.478363037109375 1705
1682091263909 1.476662039756775 1706
1682091266717 1.486094355583191 1707
1682091269574 1.48583984375 1708
1682091272409 1.4855924844741821 1709
1682091275243 1.4778412580490112 1710
1682091278094 1.4746373891830444 1711
1682091280940 1.4826924800872803 1712
1682091283826 1.5010688304901123 1713
1682091286652 1.4843590259552002 1714
1682091289513 1.4753597974777222 1715
1682091292329 1.4995969533920288 1716
1682091295172 1.4801090955734253 1717
1682091298021 1.484169363975525 1718
1682091300884 1.494826316833496 1719
1682091303726 1.4708749055862427 1720
1682091306570 1.4803037643432617 1721
1682091309434 1.4804402589797974 1722
1682091312250 1.490767002105713 1723
1682091315126 1.4764971733093262 1724
1682091318038 1.4782359600067139 1725
1682091320917 1.4898858070373535 1726
1682091323797 1.4738142490386963 1727
1682091326655 1.4918792247772217 1728
1682091329485 1.4851806163787842 1729
1682091332313 1.4723892211914062 1730
1682091335237 1.4896315336227417 1731
1682091338089 1.4906717538833618 1732
1682091340991 1.4852861166000366 1733
1682091343881 1.4819984436035156 1734
1682091346745 1.4808952808380127 1735
1682091349584 1.4805258512496948 1736
1682091352440 1.4891953468322754 1737
1682091355239 1.4901000261306763 1738
1682091358092 1.4930354356765747 1739
1682091360939 1.4856656789779663 1740
1682091363811 1.4934101104736328 1741
1682091366684 1.4834284782409668 1742
1682091369517 1.4918934106826782 1743
1682091372397 1.4950594902038574 1744
1682091375207 1.483760118484497 1745
1682091378051 1.47396719455719 1746
1682091380902 1.4824990034103394 1747
1682091383761 1.488878607749939 1748
1682091386610 1.4831026792526245 1749
1682091389418 1.4920930862426758 1750
1682091392248 1.4949870109558105 1751
1682091395079 1.473872184753418 1752
1682091397977 1.4838006496429443 1753
1682091400869 1.499866247177124 1754
1682091403780 1.4940379858016968 1755
1682091406605 1.4789179563522339 1756
1682091409429 1.4716005325317383 1757
1682091412237 1.4919575452804565 1758
1682091415087 1.4904171228408813 1759
1682091417935 1.484516978263855 1760
1682091420810 1.4907821416854858 1761
1682091423692 1.4832220077514648 1762
1682091426457 1.4786630868911743 1763
1682091429328 1.4749783277511597 1764
1682091432124 1.477210283279419 1765
1682091434966 1.4990094900131226 1766
1682091437788 1.4983232021331787 1767
1682091440647 1.481533169746399 1768
1682091443424 1.48236882686615 1769
1682091616766 1.4823309183120728 1770
1682091619579 1.4716691970825195 1771
1682091622471 1.4830650091171265 1772
1682091625268 1.4697707891464233 1773
1682091628036 1.497661828994751 1774
1682091630940 1.4844008684158325 1775
1682091633739 1.490300178527832 1776
1682091636470 1.483081579208374 1777
1682091639224 1.4895946979522705 1778
1682091642147 1.4853624105453491 1779
1682091644939 1.4696776866912842 1780
1682091647700 1.4939751625061035 1781
1682091650491 1.4868978261947632 1782
1682091653358 1.4781553745269775 1783
1682091656173 1.484208106994629 1784
1682091658931 1.47733473777771 1785
1682091661814 1.4865846633911133 1786
1682091664611 1.4810504913330078 1787
1682091667383 1.4816875457763672 1788
1682091670124 1.4713269472122192 1789
1682091673023 1.5093306303024292 1790
1682091675823 1.4814565181732178 1791
1682091678565 1.4823373556137085 1792
1682091681376 1.4811887741088867 1793
1682091684291 1.4803093671798706 1794
1682091687075 1.481699824333191 1795
1682091689842 1.479886531829834 1796
1682091692781 1.475490689277649 1797
1682091695613 1.486034631729126 1798
1682091698401 1.4829975366592407 1799
1682091701168 1.4920110702514648 1800
1682091704079 1.4859755039215088 1801
1682091706840 1.4886517524719238 1802
1682091709572 1.4835067987442017 1803
1682091712365 1.4906983375549316 1804
1682091715346 1.4758565425872803 1805
1682091718144 1.4812015295028687 1806
1682091720933 1.470774531364441 1807
1682091723806 1.4768942594528198 1808
1682091726627 1.4698494672775269 1809
1682091729441 1.5000407695770264 1810
1682091732191 1.49224853515625 1811
1682091735086 1.4789210557937622 1812
1682091737856 1.480083703994751 1813
1682091740626 1.4782975912094116 1814
1682091743443 1.4943556785583496 1815
1682091746413 1.4948878288269043 1816
1682091749230 1.492432951927185 1817
1682091752004 1.4835342168807983 1818
1682091754903 1.4917161464691162 1819
1682091757751 1.4692878723144531 1820
1682091760579 1.4944432973861694 1821
1682091763328 1.481066346168518 1822
1682091766252 1.4762953519821167 1823
1682091769050 1.4957666397094727 1824
1682091771805 1.4903756380081177 1825
1682091774602 1.481637954711914 1826
1682091777515 1.4820683002471924 1827
1682091780304 1.4861596822738647 1828
1682091783074 1.4764416217803955 1829
1682091785951 1.493588924407959 1830
1682091788798 1.4897717237472534 1831
1682091791627 1.4788707494735718 1832
1682091794389 1.4938725233078003 1833
1682091797374 1.4870445728302002 1834
1682091800163 1.4739012718200684 1835
1682091802942 1.4854962825775146 1836
1682091805737 1.4968162775039673 1837
1682091808647 1.475900650024414 1838
1682091811414 1.4751559495925903 1839
1682091814161 1.470643162727356 1840
1682091817033 1.4775924682617188 1841
1682091819860 1.4854029417037964 1842
1682091822637 1.4937156438827515 1843
1682091825418 1.500815510749817 1844
1682091828324 1.4724225997924805 1845
1682091831103 1.4927860498428345 1846
1682091833861 1.4845705032348633 1847
1682091836648 1.474798560142517 1848
1682091839561 1.4822602272033691 1849
1682091842349 1.4781221151351929 1850
1682091845129 1.4870774745941162 1851
1682091848001 1.4911515712738037 1852
1682091850814 1.4796005487442017 1853
1682091853612 1.4880017042160034 1854
1682091856352 1.4908990859985352 1855
1682091859254 1.472198724746704 1856
1682091862065 1.4760396480560303 1857
1682091864924 1.4932187795639038 1858
1682091867735 1.4832439422607422 1859
1682091870664 1.4796407222747803 1860
1682091873426 1.484587550163269 1861
1682091876173 1.4833905696868896 1862
1682091879049 1.5033329725265503 1863
1682091881838 1.474785566329956 1864
1682091884629 1.474363088607788 1865
1682091887426 1.4685192108154297 1866
1682091890333 1.4842742681503296 1867
1682091893114 1.475705623626709 1868
1682091895886 1.475669026374817 1869
1682091898646 1.4734857082366943 1870
1682091901541 1.4889665842056274 1871
1682091904400 1.4849779605865479 1872
1682091908021 1.4831089973449707 1873
1682091910926 1.4764784574508667 1874
1682091913688 1.473443627357483 1875
1682091916429 1.4798662662506104 1876
1682091919202 1.5006340742111206 1877
1682091922124 1.4874552488327026 1878
1682091924973 1.4853930473327637 1879
1682091927714 1.4841548204421997 1880
1682091930484 1.4824516773223877 1881
1682091933280 1.480224609375 1882
1682091936088 1.4706718921661377 1883
1682091938798 1.4663946628570557 1884
1682091941701 1.4836117029190063 1885
1682091944496 1.497643232345581 1886
1682091947204 1.4922245740890503 1887
1682092121773 1.4784859418869019 1888
1682092124574 1.4899269342422485 1889
1682092127385 1.4955707788467407 1890
1682092130442 1.4857466220855713 1891
1682092133280 1.4870444536209106 1892
1682092136113 1.4785983562469482 1893
1682092138950 1.482094407081604 1894
1682092141798 1.482520341873169 1895
1682092144690 1.4981153011322021 1896
1682092147524 1.476967453956604 1897
1682092150399 1.4765512943267822 1898
1682092153231 1.4841370582580566 1899
1682092156004 1.4828892946243286 1900
1682092158755 1.4875465631484985 1901
1682092161527 1.4770116806030273 1902
1682092164268 1.4950231313705444 1903
1682092167079 1.4779183864593506 1904
1682092169826 1.4855998754501343 1905
1682092172576 1.4897388219833374 1906
1682092175379 1.4786112308502197 1907
1682092178130 1.4745523929595947 1908
1682092180887 1.476164698600769 1909
1682092183664 1.4989169836044312 1910
1682092186450 1.481571078300476 1911
1682092189209 1.4758294820785522 1912
1682092191995 1.4859580993652344 1913
1682092194793 1.4954367876052856 1914
1682092197577 1.4688148498535156 1915
1682092200388 1.47610342502594 1916
1682092205343 1.4868758916854858 1917
1682092209792 1.499446153640747 1918
1682092213412 1.4736920595169067 1919
1682092216323 1.4771004915237427 1920
1682092219307 1.4814631938934326 1921
1682092222123 1.4887495040893555 1922
1682092224934 1.48904550075531 1923
1682092227772 1.4908764362335205 1924
1682092230560 1.474204421043396 1925
1682092233411 1.4832446575164795 1926
1682092236206 1.5052307844161987 1927
1682092239044 1.4809467792510986 1928
1682092241908 1.4826534986495972 1929
1682092244832 1.478761911392212 1930
1682092247661 1.476560115814209 1931
1682092250505 1.486539363861084 1932
1682092253267 1.476176381111145 1933
1682092256066 1.4817708730697632 1934
1682092258862 1.490466833114624 1935
1682092261651 1.4878746271133423 1936
1682092264451 1.483609676361084 1937
1682092267241 1.4871398210525513 1938
1682092270041 1.488491415977478 1939
1682092272849 1.4863418340682983 1940
1682092275702 1.478433609008789 1941
1682092278485 1.476565957069397 1942
1682092281287 1.5041570663452148 1943
1682092284067 1.493177890777588 1944
1682092286865 1.4866942167282104 1945
1682092289709 1.4871746301651 1946
1682092292482 1.4806053638458252 1947
1682092295265 1.4744696617126465 1948
1682092298112 1.4770382642745972 1949
1682092300957 1.4757754802703857 1950
1682092303801 1.4712169170379639 1951
1682092306614 1.475815773010254 1952
1682092309389 1.4827955961227417 1953
1682092312235 1.476969838142395 1954
1682092315028 1.4817023277282715 1955
1682092317832 1.4706168174743652 1956
1682092320627 1.4867991209030151 1957
1682092323413 1.4865564107894897 1958
1682092326215 1.4700928926467896 1959
1682092329037 1.4755297899246216 1960
1682092331866 1.4867138862609863 1961
1682092334674 1.4867041110992432 1962
1682092337523 1.478456974029541 1963
1682092340302 1.4833009243011475 1964
1682092343118 1.4768158197402954 1965
1682092345887 1.4820318222045898 1966
1682092348688 1.4752150774002075 1967
1682092351487 1.4849094152450562 1968
1682092354285 1.4746230840682983 1969
1682092357057 1.4789254665374756 1970
1682092359841 1.4754751920700073 1971
1682092362604 1.4784448146820068 1972
1682092365386 1.4809048175811768 1973
1682092368213 1.4911855459213257 1974
1682092371005 1.4864169359207153 1975
1682092373812 1.483291506767273 1976
1682092376589 1.4908145666122437 1977
1682092379396 1.4681479930877686 1978
1682092382230 1.4840993881225586 1979
1682092385067 1.474425196647644 1980
1682092387860 1.490077018737793 1981
1682092390673 1.4922057390213013 1982
1682092393465 1.4852471351623535 1983
1682092396254 1.470298171043396 1984
1682092399070 1.4747461080551147 1985
1682092401855 1.4869399070739746 1986
1682092404674 1.480272650718689 1987
1682092407448 1.4774585962295532 1988
1682092410340 1.479219913482666 1989
1682092413134 1.483974814414978 1990
1682092415957 1.4779188632965088 1991
1682092418752 1.476763367652893 1992
1682092421561 1.4882534742355347 1993
1682092424363 1.4729676246643066 1994
1682092427166 1.4729937314987183 1995
1682092429958 1.4729877710342407 1996
1682092432794 1.4872517585754395 1997
1682092435574 1.4755370616912842 1998
1682092438320 1.4689195156097412 1999
1682092441164 1.4685068130493164 2000
1682092443900 1.475134015083313 2001
1682092446658 1.4742449522018433 2002
1682092449395 1.4790750741958618 2003
1682092452177 1.4765565395355225 2004
1682092454932 1.4752819538116455 2005
1682092625384 1.4744763374328613 2006
1682092628216 1.4728745222091675 2007
1682092631004 1.5038310289382935 2008
1682092633808 1.4876629114151 2009
1682092636597 1.4843472242355347 2010
1682092639372 1.476842999458313 2011
1682092642116 1.4736309051513672 2012
1682092644888 1.4942617416381836 2013
1682092647667 1.4766842126846313 2014
1682092650432 1.4724632501602173 2015
1682092653183 1.4797621965408325 2016
1682092655944 1.4932026863098145 2017
1682092658762 1.4971015453338623 2018
1682092661520 1.478771686553955 2019
1682092664309 1.4745327234268188 2020
1682092667064 1.4774214029312134 2021
1682092669869 1.4743406772613525 2022
1682092672628 1.48136305809021 2023
1682092675422 1.4783847332000732 2024
1682092678172 1.4953088760375977 2025
1682092680988 1.4722568988800049 2026
1682092683749 1.4771448373794556 2027
1682092686614 1.496012806892395 2028
1682092689450 1.4744311571121216 2029
1682092692195 1.4807673692703247 2030
1682092694996 1.4714019298553467 2031
1682092697829 1.4763939380645752 2032
1682092700621 1.4828736782073975 2033
1682092703374 1.4850620031356812 2034
1682092706120 1.4778233766555786 2035
1682092708898 1.4741127490997314 2036
1682092711701 1.4996154308319092 2037
1682092714479 1.4708735942840576 2038
1682092717273 1.4759525060653687 2039
1682092720016 1.502260446548462 2040
1682092722779 1.4827157258987427 2041
1682092725536 1.4720396995544434 2042
1682092728275 1.4826375246047974 2043
1682092731056 1.4845420122146606 2044
1682092733847 1.4716838598251343 2045
1682092736630 1.4782458543777466 2046
1682092739373 1.4854696989059448 2047
1682092742173 1.4837714433670044 2048
1682092744921 1.4762554168701172 2049
1682092747724 1.4908653497695923 2050
1682092750471 1.4853847026824951 2051
1682092753230 1.4919532537460327 2052
1682092756012 1.480175495147705 2053
1682092758799 1.472213864326477 2054
1682092761907 1.4851911067962646 2055
1682092764745 1.492065668106079 2056
1682092767610 1.472136378288269 2057
1682092770387 1.4884324073791504 2058
1682092773162 1.4757235050201416 2059
1682092775914 1.4783642292022705 2060
1682092778702 1.4791022539138794 2061
1682092781463 1.4963593482971191 2062
1682092784243 1.4806755781173706 2063
1682092786988 1.4978605508804321 2064
1682092789794 1.4816241264343262 2065
1682092792557 1.4809837341308594 2066
1682092795352 1.480111837387085 2067
1682092798113 1.483464241027832 2068
1682092800859 1.485896110534668 2069
1682092803646 1.484856367111206 2070
1682092806447 1.4783231019973755 2071
1682092809226 1.4847638607025146 2072
1682092811982 1.4779835939407349 2073
1682092814772 1.479684829711914 2074
1682092817512 1.4713354110717773 2075
1682092820277 1.4818103313446045 2076
1682092823010 1.4929280281066895 2077
1682092825821 1.4784746170043945 2078
1682092828575 1.4828495979309082 2079
1682092831399 1.4766591787338257 2080
1682092834159 1.4762253761291504 2081
1682092836933 1.4758793115615845 2082
1682092839724 1.495629072189331 2083
1682092842504 1.4756734371185303 2084
1682092845304 1.4709010124206543 2085
1682092848059 1.4808363914489746 2086
1682092850854 1.4783803224563599 2087
1682092853624 1.477660059928894 2088
1682092856394 1.4705055952072144 2089
1682092859143 1.4918228387832642 2090
1682092861983 1.4812355041503906 2091
1682092864759 1.4853458404541016 2092
1682092867550 1.475279450416565 2093
1682092870318 1.4861071109771729 2094
1682092873086 1.4814544916152954 2095
1682092875870 1.473828673362732 2096
1682092878711 1.4798228740692139 2097
1682092881501 1.4843862056732178 2098
1682092884309 1.477376937866211 2099
1682092887214 1.4744549989700317 2100
1682092889959 1.4805870056152344 2101
1682092892756 1.4721440076828003 2102
1682092895520 1.4691929817199707 2103
1682092898288 1.4764740467071533 2104
1682092901059 1.4825369119644165 2105
1682092903867 1.4743680953979492 2106
1682092906640 1.4752223491668701 2107
1682092909392 1.4845839738845825 2108
1682092912209 1.479636549949646 2109
1682092914942 1.486275315284729 2110
1682092917746 1.4749336242675781 2111
1682092920537 1.4710561037063599 2112
1682092923321 1.4717435836791992 2113
1682092926091 1.484145164489746 2114
1682092928897 1.4830058813095093 2115
1682092931601 1.4816385507583618 2116
1682092934324 1.47288978099823 2117
1682092937016 1.4690754413604736 2118
1682092939765 1.4813802242279053 2119
1682092942532 1.4858118295669556 2120
1682092945264 1.4695615768432617 2121
1682092948003 1.4892780780792236 2122
1682092950749 1.4760510921478271 2123
1682093120804 1.4842190742492676 2124
1682093123671 1.4742796421051025 2125
1682093126408 1.4862158298492432 2126
1682093129193 1.4919689893722534 2127
1682093131967 1.4807062149047852 2128
1682093134746 1.4906648397445679 2129
1682093137509 1.4835052490234375 2130
1682093140259 1.4747347831726074 2131
1682093143011 1.4833877086639404 2132
1682093145832 1.4822698831558228 2133
1682093148588 1.4830821752548218 2134
1682093151331 1.4982260465621948 2135
1682093154125 1.471903920173645 2136
1682093156895 1.473668098449707 2137
1682093159679 1.4806156158447266 2138
1682093162409 1.4770054817199707 2139
1682093165180 1.4755836725234985 2140
1682093168025 1.4839844703674316 2141
1682093170811 1.4853651523590088 2142
1682093173575 1.4798197746276855 2143
1682093176356 1.4850951433181763 2144
1682093179108 1.4806485176086426 2145
1682093181862 1.478821873664856 2146
1682093184605 1.4843829870224 2147
1682093187358 1.4714843034744263 2148
1682093190132 1.489212155342102 2149
1682093192887 1.4837831258773804 2150
1682093195664 1.4863073825836182 2151
1682093198446 1.4988406896591187 2152
1682093201256 1.4781954288482666 2153
1682093204024 1.4837383031845093 2154
1682093206800 1.482322335243225 2155
1682093209536 1.474119782447815 2156
1682093212318 1.4783647060394287 2157
1682093215059 1.481265664100647 2158
1682093217828 1.4910451173782349 2159
1682093220573 1.4764745235443115 2160
1682093223378 1.4851986169815063 2161
1682093226130 1.4794435501098633 2162
1682093228885 1.4767740964889526 2163
1682093231687 1.4988960027694702 2164
1682093234442 1.473209023475647 2165
1682093237199 1.4778711795806885 2166
1682093240034 1.493218183517456 2167
1682093242812 1.4928771257400513 2168
1682093245554 1.4801124334335327 2169
1682093248341 1.4701107740402222 2170
1682093251098 1.478363037109375 2171
1682093253884 1.4744327068328857 2172
1682093256623 1.4749648571014404 2173
1682093259392 1.4796104431152344 2174
1682093262134 1.473292350769043 2175
1682093264915 1.4847259521484375 2176
1682093267658 1.492311954498291 2177
1682093270416 1.472042202949524 2178
1682093273200 1.4722987413406372 2179
1682093275962 1.4772218465805054 2180
1682093278744 1.4822860956192017 2181
1682093281531 1.475546956062317 2182
1682093284299 1.4751408100128174 2183
1682093287054 1.4756293296813965 2184
1682093289888 1.4925533533096313 2185
1682093292665 1.4741146564483643 2186
1682093295451 1.486139178276062 2187
1682093298204 1.4725779294967651 2188
1682093301010 1.4685419797897339 2189
1682093303769 1.4789177179336548 2190
1682093306511 1.4893382787704468 2191
1682093309277 1.4678699970245361 2192
1682093312026 1.4823421239852905 2193
1682093314824 1.4850836992263794 2194
1682093317560 1.4852442741394043 2195
1682093320428 1.4747542142868042 2196
1682093323191 1.4780781269073486 2197
1682093326011 1.482491135597229 2198
1682093328772 1.4875167608261108 2199
1682093331531 1.4759571552276611 2200
1682093334275 1.4883443117141724 2201
1682093337075 1.4763833284378052 2202
1682093339812 1.48898184299469 2203
1682093342556 1.468869924545288 2204
1682093345308 1.495788335800171 2205
1682093348060 1.4707213640213013 2206
1682093350856 1.4796419143676758 2207
1682093353601 1.4748022556304932 2208
1682093356419 1.477314829826355 2209
1682093359175 1.4773081541061401 2210
1682093362023 1.489376425743103 2211
1682093364775 1.4795523881912231 2212
1682093367550 1.4775819778442383 2213
1682093370303 1.4735924005508423 2214
1682093373077 1.4836598634719849 2215
1682093375868 1.4814561605453491 2216
1682093378647 1.485111951828003 2217
1682093381416 1.473285436630249 2218
1682093384198 1.4801616668701172 2219
1682093386981 1.4880445003509521 2220
1682093389743 1.4727349281311035 2221
1682093392522 1.4778661727905273 2222
1682093395260 1.4791829586029053 2223
1682093398052 1.4818494319915771 2224
1682093400810 1.4896845817565918 2225
1682093403602 1.476670742034912 2226
1682093406393 1.4838305711746216 2227
1682093409166 1.48529851436615 2228
1682093411961 1.473511815071106 2229
1682093414760 1.4688090085983276 2230
1682093417534 1.4706717729568481 2231
1682093420290 1.4823063611984253 2232
1682093423071 1.485434651374817 2233
1682093425859 1.4737741947174072 2234
1682093428669 1.4764573574066162 2235
1682093431405 1.4691907167434692 2236
1682093434167 1.4770104885101318 2237
1682093436920 1.473861813545227 2238
1682093439662 1.478771448135376 2239
1682093442411 1.4963890314102173 2240
1682093445145 1.4740139245986938 2241
1682093615410 1.4849430322647095 2242
1682093618226 1.4705758094787598 2243
1682093620968 1.4808151721954346 2244
1682093623786 1.4780421257019043 2245
1682093626538 1.4829851388931274 2246
1682093629325 1.4760921001434326 2247
1682093632077 1.4801380634307861 2248
1682093634832 1.4835522174835205 2249
1682093637573 1.476212978363037 2250
1682093640353 1.4762128591537476 2251
1682093643119 1.478022575378418 2252
1682093645846 1.4756050109863281 2253
1682093648613 1.4730303287506104 2254
1682093651374 1.4676674604415894 2255
1682093654178 1.4847164154052734 2256
1682093656963 1.4676603078842163 2257
1682093659721 1.4790037870407104 2258
1682093662463 1.4913288354873657 2259
1682093665296 1.4776445627212524 2260
1682093668033 1.4707324504852295 2261
1682093670873 1.4713172912597656 2262
1682093673605 1.4738348722457886 2263
1682093676380 1.481783151626587 2264
1682093679139 1.5117655992507935 2265
1682093681884 1.4847028255462646 2266
1682093684638 1.4859352111816406 2267
1682093687397 1.479651689529419 2268
1682093690186 1.478345513343811 2269
1682093692927 1.476980209350586 2270
1682093695704 1.4689409732818604 2271
1682093698508 1.4813205003738403 2272
1682093701306 1.4792059659957886 2273
1682093704076 1.4715583324432373 2274
1682093706853 1.4819896221160889 2275
1682093709586 1.4761228561401367 2276
1682093712373 1.5003421306610107 2277
1682093715160 1.485148310661316 2278
1682093717955 1.4856548309326172 2279
1682093720720 1.4845482110977173 2280
1682093723474 1.46975839138031 2281
1682093726275 1.4819254875183105 2282
1682093729060 1.4818085432052612 2283
1682093731869 1.470707893371582 2284
1682093734608 1.4722256660461426 2285
1682093737386 1.4764083623886108 2286
1682093740127 1.4783132076263428 2287
1682093742896 1.476241111755371 2288
1682093745668 1.4704540967941284 2289
1682093748456 1.4665822982788086 2290
1682093751236 1.476102590560913 2291
1682093754006 1.4695286750793457 2292
1682093756826 1.4741312265396118 2293
1682093759579 1.4746334552764893 2294
1682093762355 1.4770318269729614 2295
1682093765124 1.4792083501815796 2296
1682093767880 1.4759466648101807 2297
1682093770676 1.4787801504135132 2298
1682093773474 1.487135410308838 2299
1682093776311 1.4693653583526611 2300
1682093779105 1.4796799421310425 2301
1682093781887 1.4758577346801758 2302
1682093784668 1.4955002069473267 2303
1682093787450 1.479576587677002 2304
1682093790383 1.4796444177627563 2305
1682093793129 1.4733097553253174 2306
1682093795891 1.4689418077468872 2307
1682093798677 1.4818979501724243 2308
1682093801434 1.479770541191101 2309
1682093804235 1.4924598932266235 2310
1682093806998 1.4711940288543701 2311
1682093809814 1.4889596700668335 2312
1682093812558 1.4682470560073853 2313
1682093815354 1.470742106437683 2314
1682093818100 1.4768199920654297 2315
1682093820873 1.4885722398757935 2316
1682093823622 1.4872311353683472 2317
1682093826400 1.488996982574463 2318
1682093829194 1.4805490970611572 2319
1682093832034 1.4699468612670898 2320
1682093834879 1.4924027919769287 2321
1682093837601 1.487616777420044 2322
1682093840370 1.4823259115219116 2323
1682093843144 1.4794738292694092 2324
1682093845924 1.4747889041900635 2325
1682093848668 1.4842642545700073 2326
1682093851471 1.4890542030334473 2327
1682093854246 1.4705126285552979 2328
1682093857029 1.471585988998413 2329
1682093859829 1.4871366024017334 2330
1682093862653 1.479465365409851 2331
1682093865457 1.4898498058319092 2332
1682093868296 1.4726682901382446 2333
1682093871048 1.4830493927001953 2334
1682093873793 1.4805808067321777 2335
1682093876533 1.485203742980957 2336
1682093879295 1.4717557430267334 2337
1682093882076 1.4732574224472046 2338
1682093884799 1.4744592905044556 2339
1682093887651 1.4673048257827759 2340
1682093890428 1.4797123670578003 2341
1682093893200 1.4757575988769531 2342
1682093895936 1.4892432689666748 2343
1682093898677 1.4789278507232666 2344
1682093901408 1.4878178834915161 2345
1682093904184 1.4846644401550293 2346
1682093906943 1.4774553775787354 2347
1682093909702 1.4759960174560547 2348
1682093912450 1.4889905452728271 2349
1682093915202 1.4775824546813965 2350
1682093917945 1.4758884906768799 2351
1682093920668 1.488222360610962 2352
1682093923399 1.481410026550293 2353
1682093926138 1.475180983543396 2354
1682093928891 1.4785182476043701 2355
1682093931575 1.467969536781311 2356
1682093934339 1.4693516492843628 2357
1682093937047 1.4777443408966064 2358
1682093939779 1.4778703451156616 2359
1682094110040 1.4792433977127075 2360
1682094112858 1.4699474573135376 2361
1682094115642 1.4667669534683228 2362
1682094118443 1.4694231748580933 2363
1682094121197 1.4706535339355469 2364
1682094124028 1.476069450378418 2365
1682094126775 1.4899849891662598 2366
1682094129556 1.4739280939102173 2367
1682094132325 1.4690912961959839 2368
1682094135084 1.4776256084442139 2369
1682094137825 1.4689937829971313 2370
1682094140592 1.4834191799163818 2371
1682094143385 1.4736663103103638 2372
1682094146136 1.467813491821289 2373
1682094148895 1.4662643671035767 2374
1682094151664 1.4750465154647827 2375
1682094154433 1.476335883140564 2376
1682094157166 1.4923396110534668 2377
1682094159939 1.4693264961242676 2378
1682094162688 1.4782450199127197 2379
1682094165485 1.4815187454223633 2380
1682094168254 1.4730243682861328 2381
1682094171034 1.48552668094635 2382
1682094173781 1.4745649099349976 2383
1682094176540 1.4748525619506836 2384
1682094179290 1.4860845804214478 2385
1682094182079 1.4821442365646362 2386
1682094184902 1.483189344406128 2387
1682094187640 1.4690648317337036 2388
1682094190451 1.4858957529067993 2389
1682094193183 1.4895215034484863 2390
1682094195946 1.489444375038147 2391
1682094198690 1.4856514930725098 2392
1682094201471 1.4841359853744507 2393
1682094204220 1.471144199371338 2394
1682094206985 1.477712869644165 2395
1682094209734 1.5050796270370483 2396
1682094212510 1.4696810245513916 2397
1682094215249 1.4757273197174072 2398
1682094217989 1.4801918268203735 2399
1682094220790 1.4756609201431274 2400
1682094223598 1.495440125465393 2401
1682094226402 1.4867292642593384 2402
1682094229146 1.4812442064285278 2403
1682094231916 1.4851895570755005 2404
1682094234670 1.4826241731643677 2405
1682094237439 1.4866541624069214 2406
1682094240198 1.4816620349884033 2407
1682094243014 1.4783738851547241 2408
1682094245761 1.4806705713272095 2409
1682094248587 1.4857697486877441 2410
1682094251326 1.472263216972351 2411
1682094254059 1.4782804250717163 2412
1682094256800 1.4719171524047852 2413
1682094259596 1.4734513759613037 2414
1682094262360 1.4777859449386597 2415
1682094265116 1.5029603242874146 2416
1682094267901 1.4681822061538696 2417
1682094270649 1.4720895290374756 2418
1682094273413 1.4769943952560425 2419
1682094276146 1.4736133813858032 2420
1682094278952 1.4706147909164429 2421
1682094281692 1.47079336643219 2422
1682094284527 1.4919613599777222 2423
1682094287251 1.4840781688690186 2424
1682094290009 1.4780333042144775 2425
1682094292747 1.479138731956482 2426
1682094295520 1.4697819948196411 2427
1682094298309 1.4729739427566528 2428
1682094301084 1.4762156009674072 2429
1682094303847 1.4745973348617554 2430
1682094306655 1.4817519187927246 2431
1682094309439 1.4700688123703003 2432
1682094312219 1.4832366704940796 2433
1682094314984 1.4681155681610107 2434
1682094317753 1.468563199043274 2435
1682094320524 1.4685134887695312 2436
1682094323268 1.4769943952560425 2437
1682094326039 1.4724171161651611 2438
1682094328784 1.4937491416931152 2439
1682094331627 1.4886901378631592 2440
1682094334396 1.478760838508606 2441
1682094337126 1.4924160242080688 2442
1682094339873 1.47536301612854 2443
1682094342624 1.4724761247634888 2444
1682094345415 1.4724383354187012 2445
1682094348149 1.481590747833252 2446
1682094350963 1.471051812171936 2447
1682094353740 1.4743856191635132 2448
1682094356536 1.4807627201080322 2449
1682094359305 1.476340413093567 2450
1682094362083 1.4733842611312866 2451
1682094364810 1.469476580619812 2452
1682094367609 1.4720455408096313 2453
1682094370350 1.4747065305709839 2454
1682094373130 1.4755399227142334 2455
1682094375909 1.4741383790969849 2456
1682094378677 1.4750727415084839 2457
1682094381438 1.478078842163086 2458
1682094384189 1.4832741022109985 2459
1682094386953 1.485356092453003 2460
1682094389727 1.498887300491333 2461
1682094392518 1.4719620943069458 2462
1682094395338 1.473276972770691 2463
1682094398199 1.485034704208374 2464
1682094400961 1.4759947061538696 2465
1682094403791 1.4946664571762085 2466
1682094406594 1.4761825799942017 2467
1682094409417 1.4767566919326782 2468
1682094412206 1.4875389337539673 2469
1682094414921 1.4755136966705322 2470
1682094417690 1.4818053245544434 2471
1682094420421 1.4811193943023682 2472
1682094423145 1.4733628034591675 2473
1682094425832 1.4693169593811035 2474
1682094428599 1.4775912761688232 2475
1682094431403 1.4790877103805542 2476
1682094434114 1.484970211982727 2477
