1682794459280 1.8431271314620972 1
1682794646014 1.523832082748413 2
1682794839943 1.4929497241973877 3
1682795007456 1.4834147691726685 4
1682795190603 1.4771243333816528 5
1682795376583 1.474116563796997 6
1682795557627 1.4721555709838867 7
1682795742432 1.470040202140808 8
1682795928477 1.4692320823669434 9
1682796112647 1.467458963394165 10
1682796281510 1.4671891927719116 11
1682796474425 1.4670724868774414 12
1682796649400 1.4661310911178589 13
1682796812997 1.4657542705535889 14
1682796977904 1.4653692245483398 15
1682797167338 1.4650325775146484 16
1682797335475 1.4650030136108398 17
1682797501007 1.4649163484573364 18
1682797696500 1.4646556377410889 19
1682797885524 1.4644583463668823 20
1682798044504 1.4642424583435059 21
1682798230612 1.4643080234527588 22
1682798408377 1.464294195175171 23
1682798574530 1.4639853239059448 24
1682798727770 1.464127779006958 25
1682798912577 1.4641520977020264 26
1682799084189 1.4640405178070068 27
1682799278069 1.4638733863830566 28
1682799454211 1.463786244392395 29
1682799637665 1.4637444019317627 30
