1682724442397 1.892642617225647 1
1682724522197 1.5873332023620605 2
1682724604069 1.515714406967163 3
1682724685806 1.4941123723983765 4
1682724767618 1.485223650932312 5
1682724847916 1.4797779321670532 6
1682724928340 1.475994348526001 7
1682725008697 1.4740359783172607 8
1682725085982 1.4720855951309204 9
1682725162515 1.4711309671401978 10
1682725238651 1.4696124792099 11
1682725314689 1.4684398174285889 12
1682725391554 1.468469262123108 13
1682725468236 1.4674813747406006 14
1682725544589 1.466799259185791 15
1682725623865 1.466612696647644 16
1682725702893 1.466357707977295 17
1682725783548 1.466139554977417 18
1682725861217 1.46556556224823 19
1682725939023 1.4654386043548584 20
1682726011676 1.4654635190963745 21
1682726083818 1.4651944637298584 22
1682726155962 1.4650179147720337 23
1682726228094 1.4646917581558228 24
1682726300221 1.4643656015396118 25
1682726372377 1.4642399549484253 26
1682726444510 1.464289903640747 27
1682726516633 1.4644479751586914 28
1682726588740 1.4641783237457275 29
1682726660870 1.4642717838287354 30
